SN name,Cluster,RAJ2000,RA,DEJ2000,DECL,DELTA_Z
9467,J2155.9+0109,21 55 59.2,328.951385,+01 09 02,1.180792,0.00014999678134919314
2001ic,J2310.4+0734,23 10 26.4,347.68042,+07 34 37,7.56951,0.000560001245737074
2003ic,J0041.8-0918,00 41 50.1,10.45973,-09 18 07,-9.30531,0.0005900007152557368
2006al,J1039.4+0510,10 39 27.9,159.867661,+05 10 46,5.18344,0.0009500002980232236
2006je,J0150.7+3305,01 50 44.9,27.72193,+33 05 24,33.098129,0.000820000196695328
1994M,J1231.0+0037,12 31 05.6,187.782288,+00 37 44,0.60278,0.00111000029504299
1998dx,J1811.0+4954,18 11 00.1,272.794495,+49 54 40,49.85841,0.0037900012874603276
1999ej,J0123.2+3327,01 23 12.2,20.73694,+33 27 40,33.46196,0.000839999655783177
2000dk,J0107.4+3227,01 07 28.3,16.844589,+32 27 43,32.411072,0.0009800009238719945
040201,J1217.7+4729,12 17 43.7,184.459579,+47 29 14,47.446762,0.009699989271163945
